TABLE NO.  1
 ID          TIME        DV          WT          SEX         KA          CL          V           PRED        IPRED       CWRES
  1.0000E+00  0.0000E+00  0.0000E+00  7.9600E+01  1.0000E+00  1.6883E+00  2.1399E-02  3.7030E-01  0.0000E+00  0.0000E+00  0.0000E+00
  1.0000E+00  2.5000E-01  2.8400E+00  7.9600E+01  1.0000E+00  1.6883E+00  2.1399E-02  3.7030E-01  2.4018E+00  3.7092E+00 -1.2002E+00
  1.0000E+00  5.7000E-01  6.5700E+00  7.9600E+01  1.0000E+00  1.6883E+00  2.1399E-02  3.7030E-01  4.3126E+00  6.5827E+00  2.4626E-01
  1.0000E+00  1.1200E+00  1.0500E+01  7.9600E+01  1.0000E+00  1.6883E+00  2.1399E-02  3.7030E-01  5.8572E+00  8.8398E+00  2.3118E+00
  1.0000E+00  2.0200E+00  9.6600E+00  7.9600E+01  1.0000E+00  1.6883E+00  2.1399E-02  3.7030E-01  6.3808E+00  9.6311E+00  6.1058E-01
  1.0000E+00  3.8200E+00  8.5800E+00  7.9600E+01  1.0000E+00  1.6883E+00  2.1399E-02  3.7030E-01  5.7618E+00  8.9964E+00  2.4854E-01
  1.0000E+00  5.1000E+00  8.3600E+00  7.9600E+01  1.0000E+00  1.6883E+00  2.1399E-02  3.7030E-01  5.1914E+00  8.3695E+00  7.6730E-01
  1.0000E+00  7.0300E+00  7.4700E+00  7.9600E+01  1.0000E+00  1.6883E+00  2.1399E-02  3.7030E-01  4.4182E+00  7.4879E+00  8.2874E-01
  1.0000E+00  9.0500E+00  6.8900E+00  7.9600E+01  1.0000E+00  1.6883E+00  2.1399E-02  3.7030E-01  3.7301E+00  6.6630E+00  1.1985E+00
  1.0000E+00  1.2120E+01  5.9400E+00  7.9600E+01  1.0000E+00  1.6883E+00  2.1399E-02  3.7030E-01  2.8837E+00  5.5799E+00  1.4470E+00
  1.0000E+00  2.4370E+01  3.2800E+00  7.9600E+01  1.0000E+00  1.6883E+00  2.1399E-02  3.7030E-01  1.0327E+00  2.7491E+00  1.6987E+00
  2.0000E+00  0.0000E+00  0.0000E+00  7.2400E+01  1.0000E+00  1.9120E+00  4.4406E-02  4.4330E-01  0.0000E+00  0.0000E+00  0.0000E+00
  2.0000E+00  2.7000E-01  1.7200E+00  7.2400E+01  1.0000E+00  1.9120E+00  4.4406E-02  4.4330E-01  3.0727E+00  3.9441E+00 -3.1046E+00
  2.0000E+00  5.2000E-01  7.9100E+00  7.2400E+01  1.0000E+00  1.9120E+00  4.4406E-02  4.4330E-01  4.9057E+00  6.0670E+00  2.7685E+00
  2.0000E+00  1.0000E+00  8.3100E+00  7.2400E+01  1.0000E+00  1.9120E+00  4.4406E-02  4.4330E-01  6.7838E+00  7.9279E+00  7.1119E-01
  2.0000E+00  1.9200E+00  8.3300E+00  7.2400E+01  1.0000E+00  1.9120E+00  4.4406E-02  4.4330E-01  7.6560E+00  8.3750E+00  8.3202E-02
  2.0000E+00  3.5000E+00  6.8500E+00  7.2400E+01  1.0000E+00  1.9120E+00  4.4406E-02  4.4330E-01  7.0661E+00  7.3637E+00 -6.0724E-01
  2.0000E+00  5.0200E+00  6.0800E+00  7.2400E+01  1.0000E+00  1.9120E+00  4.4406E-02  4.4330E-01  6.2342E+00  6.3341E+00 -3.6035E-01
  2.0000E+00  7.0300E+00  5.4000E+00  7.2400E+01  1.0000E+00  1.9120E+00  4.4406E-02  4.4330E-01  5.2493E+00  5.1795E+00  2.3891E-01
  2.0000E+00  9.0000E+00  4.5500E+00  7.2400E+01  1.0000E+00  1.9120E+00  4.4406E-02  4.4330E-01  4.4328E+00  4.2520E+00  3.4077E-01
  2.0000E+00  1.2000E+01  3.0100E+00  7.2400E+01  1.0000E+00  1.9120E+00  4.4406E-02  4.4330E-01  3.4264E+00  3.1483E+00 -3.3896E-01
  2.0000E+00  2.4300E+01  9.0000E-01  7.2400E+01  1.0000E+00  1.9120E+00  4.4406E-02  4.4330E-01  1.1921E+00  9.1830E-01 -1.2198E-01
  3.0000E+00  0.0000E+00  0.0000E+00  7.0500E+01  1.0000E+00  2.3072E+00  4.0412E-02  4.7917E-01  0.0000E+00  0.0000E+00  0.0000E+00
  3.0000E+00  2.7000E-01  4.4000E+00  7.0500E+01  1.0000E+00  2.3072E+00  4.0412E-02  4.7917E-01  3.2484E+00  4.3285E+00  3.7398E-01
  3.0000E+00  5.8000E-01  6.9000E+00  7.0500E+01  1.0000E+00  2.3072E+00  4.0412E-02  4.7917E-01  5.5386E+00  6.7700E+00  3.9792E-01
  3.0000E+00  1.0200E+00  8.2000E+00  7.0500E+01  1.0000E+00  2.3072E+00  4.0412E-02  4.7917E-01  7.2194E+00  8.0710E+00  2.2492E-01
  3.0000E+00  2.0200E+00  7.8000E+00  7.0500E+01  1.0000E+00  2.3072E+00  4.0412E-02  4.7917E-01  8.0881E+00  8.1826E+00 -5.5895E-01
  3.0000E+00  3.6200E+00  7.5000E+00  7.0500E+01  1.0000E+00  2.3072E+00  4.0412E-02  4.7917E-01  7.3888E+00  7.2285E+00  2.2304E-01
  3.0000E+00  5.0800E+00  6.2000E+00  7.0500E+01  1.0000E+00  2.3072E+00  4.0412E-02  4.7917E-01  6.5413E+00  6.3931E+00 -3.4381E-01
  3.0000E+00  7.0700E+00  5.3000E+00  7.0500E+01  1.0000E+00  2.3072E+00  4.0412E-02  4.7917E-01  5.5109E+00  5.4054E+00 -2.0404E-01
  3.0000E+00  9.0000E+00  4.9000E+00  7.0500E+01  1.0000E+00  2.3072E+00  4.0412E-02  4.7917E-01  4.6645E+00  4.5934E+00  4.1525E-01
  3.0000E+00  1.2150E+01  3.7000E+00  7.0500E+01  1.0000E+00  2.3072E+00  4.0412E-02  4.7917E-01  3.5530E+00  3.5218E+00  2.7129E-01
  3.0000E+00  2.4170E+01  1.0500E+00  7.0500E+01  1.0000E+00  2.3072E+00  4.0412E-02  4.7917E-01  1.2575E+00  1.2779E+00 -3.4663E-01
  4.0000E+00  0.0000E+00  0.0000E+00  7.2700E+01  1.0000E+00  1.1604E+00  3.7530E-02  4.3308E-01  0.0000E+00  0.0000E+00  0.0000E+00
  4.0000E+00  3.5000E-01  1.8900E+00  7.2700E+01  1.0000E+00  1.1604E+00  3.7530E-02  4.3308E-01  3.7312E+00  3.3368E+00 -2.4021E+00
  4.0000E+00  6.0000E-01  4.6000E+00  7.2700E+01  1.0000E+00  1.1604E+00  3.7530E-02  4.3308E-01  5.3212E+00  4.9505E+00 -6.7187E-01
  4.0000E+00  1.0700E+00  8.6000E+00  7.2700E+01  1.0000E+00  1.1604E+00  3.7530E-02  4.3308E-01  6.9118E+00  6.8352E+00  2.1670E+00
  4.0000E+00  2.1300E+00  8.3800E+00  7.2700E+01  1.0000E+00  1.1604E+00  3.7530E-02  4.3308E-01  7.6150E+00  8.2020E+00  3.3926E-01
  4.0000E+00  3.5000E+00  7.5400E+00  7.2700E+01  1.0000E+00  1.1604E+00  3.7530E-02  4.3308E-01  7.0387E+00  7.9181E+00 -1.9481E-01
  4.0000E+00  5.0200E+00  6.8800E+00  7.2700E+01  1.0000E+00  1.1604E+00  3.7530E-02  4.3308E-01  6.2108E+00  7.0743E+00  2.0435E-02
  4.0000E+00  7.0200E+00  5.7800E+00  7.2700E+01  1.0000E+00  1.1604E+00  3.7530E-02  4.3308E-01  5.2351E+00  5.9726E+00 -4.3299E-02
  4.0000E+00  9.0200E+00  5.3300E+00  7.2700E+01  1.0000E+00  1.1604E+00  3.7530E-02  4.3308E-01  4.4102E+00  5.0245E+00  5.9915E-01
  4.0000E+00  1.1980E+01  4.1900E+00  7.2700E+01  1.0000E+00  1.1604E+00  3.7530E-02  4.3308E-01  3.4216E+00  3.8880E+00  5.5846E-01
  4.0000E+00  2.4650E+01  1.1500E+00  7.2700E+01  1.0000E+00  1.1604E+00  3.7530E-02  4.3308E-01  1.1545E+00  1.2968E+00 -2.4755E-01
  5.0000E+00  0.0000E+00  0.0000E+00  5.4600E+01  0.0000E+00  1.3400E+00  4.3572E-02  4.7581E-01  0.0000E+00  0.0000E+00  0.0000E+00
  5.0000E+00  3.0000E-01  2.0200E+00  5.4600E+01  0.0000E+00  1.3400E+00  4.3572E-02  4.7581E-01  5.8857E+00  4.0175E+00 -3.1696E+00
  5.0000E+00  5.2000E-01  5.6300E+00  5.4600E+01  0.0000E+00  1.3400E+00  4.3572E-02  4.7581E-01  8.6476E+00  6.0189E+00 -7.9468E-01
  5.0000E+00  1.0000E+00  1.1400E+01  5.4600E+01  0.0000E+00  1.3400E+00  4.3572E-02  4.7581E-01  1.1934E+01  8.6010E+00  2.8084E+00
  5.0000E+00  2.0200E+00  9.3300E+00  5.4600E+01  0.0000E+00  1.3400E+00  4.3572E-02  4.7581E-01  1.3398E+01  1.0104E+01 -1.3056E+00
  5.0000E+00  3.5000E+00  8.7400E+00  5.4600E+01  0.0000E+00  1.3400E+00  4.3572E-02  4.7581E-01  1.2258E+01  9.4728E+00 -1.2749E+00
  5.0000E+00  5.0200E+00  7.5600E+00  5.4600E+01  0.0000E+00  1.3400E+00  4.3572E-02  4.7581E-01  1.0714E+01  8.3317E+00 -1.3362E+00
  5.0000E+00  7.0200E+00  7.0900E+00  5.4600E+01  0.0000E+00  1.3400E+00  4.3572E-02  4.7581E-01  8.9166E+00  6.9495E+00 -2.0071E-01
  5.0000E+00  9.1000E+00  5.9000E+00  5.4600E+01  0.0000E+00  1.3400E+00  4.3572E-02  4.7581E-01  7.3621E+00  5.7451E+00 -1.1726E-01
  5.0000E+00  1.2000E+01  4.3700E+00  5.4600E+01  0.0000E+00  1.3400E+00  4.3572E-02  4.7581E-01  5.6363E+00  4.4052E+00 -3.2100E-01
  5.0000E+00  2.4350E+01  1.5700E+00  5.4600E+01  0.0000E+00  1.3400E+00  4.3572E-02  4.7581E-01  1.8069E+00  1.4217E+00  1.3627E-01
  6.0000E+00  0.0000E+00  0.0000E+00  8.0000E+01  1.0000E+00  1.1967E+00  4.9507E-02  5.2912E-01  0.0000E+00  0.0000E+00  0.0000E+00
  6.0000E+00  2.7000E-01  1.2900E+00  8.0000E+01  1.0000E+00  1.1967E+00  4.9507E-02  5.2912E-01  2.5287E+00  2.0597E+00 -1.4084E+00
  6.0000E+00  5.8000E-01  3.0800E+00  8.0000E+01  1.0000E+00  1.1967E+00  4.9507E-02  5.2912E-01  4.3137E+00  3.6711E+00 -1.1214E+00
  6.0000E+00  1.1500E+00  6.4400E+00  8.0000E+01  1.0000E+00  1.1967E+00  4.9507E-02  5.2912E-01  5.8443E+00  5.2932E+00  1.4211E+00
  6.0000E+00  2.0300E+00  6.3200E+00  8.0000E+01  1.0000E+00  1.1967E+00  4.9507E-02  5.2912E-01  6.3180E+00  6.0597E+00  2.6806E-01
  6.0000E+00  3.5700E+00  5.5300E+00  8.0000E+01  1.0000E+00  1.1967E+00  4.9507E-02  5.2912E-01  5.8176E+00  5.7577E+00 -3.1431E-01
  6.0000E+00  5.0000E+00  4.9400E+00  8.0000E+01  1.0000E+00  1.1967E+00  4.9507E-02  5.2912E-01  5.1850E+00  5.1161E+00 -2.6397E-01
  6.0000E+00  7.0000E+00  4.0200E+00  8.0000E+01  1.0000E+00  1.1967E+00  4.9507E-02  5.2912E-01  4.3882E+00  4.2582E+00 -4.1071E-01
  6.0000E+00  9.2200E+00  3.4600E+00  8.0000E+01  1.0000E+00  1.1967E+00  4.9507E-02  5.2912E-01  3.6440E+00  3.4609E+00 -9.7426E-02
  6.0000E+00  1.2100E+01  2.7800E+00  8.0000E+01  1.0000E+00  1.1967E+00  4.9507E-02  5.2912E-01  2.8633E+00  2.6435E+00  9.3205E-02
  6.0000E+00  2.3850E+01  9.2000E-01  8.0000E+01  1.0000E+00  1.1967E+00  4.9507E-02  5.2912E-01  1.0706E+00  8.8049E-01 -4.5499E-02
  7.0000E+00  0.0000E+00  0.0000E+00  6.4600E+01  0.0000E+00  7.1086E-01  4.9499E-02  5.1825E-01  0.0000E+00  0.0000E+00  0.0000E+00
  7.0000E+00  2.5000E-01  8.5000E-01  6.4600E+01  0.0000E+00  7.1086E-01  4.9499E-02  5.1825E-01  3.6419E+00  1.5362E+00 -1.4572E+00
  7.0000E+00  5.0000E-01  2.3500E+00  6.4600E+01  0.0000E+00  7.1086E-01  4.9499E-02  5.1825E-01  6.0307E+00  2.7860E+00 -1.2366E+00
  7.0000E+00  1.0200E+00  5.0200E+00  6.4600E+01  0.0000E+00  7.1086E-01  4.9499E-02  5.1825E-01  8.5989E+00  4.6661E+00 -2.5012E-01
  7.0000E+00  2.0200E+00  6.5800E+00  6.4600E+01  0.0000E+00  7.1086E-01  4.9499E-02  5.1825E-01  9.6185E+00  6.4730E+00 -6.1843E-01
  7.0000E+00  3.4800E+00  7.0900E+00  6.4600E+01  0.0000E+00  7.1086E-01  4.9499E-02  5.1825E-01  8.8607E+00  6.9839E+00 -3.9201E-01
  7.0000E+00  5.0000E+00  6.6600E+00  6.4600E+01  0.0000E+00  7.1086E-01  4.9499E-02  5.1825E-01  7.7896E+00  6.5287E+00 -1.8071E-01
  7.0000E+00  6.9800E+00  5.2500E+00  6.4600E+01  0.0000E+00  7.1086E-01  4.9499E-02  5.1825E-01  6.5439E+00  5.5877E+00 -7.2484E-01
  7.0000E+00  9.0000E+00  4.3900E+00  6.4600E+01  0.0000E+00  7.1086E-01  4.9499E-02  5.1825E-01  5.4748E+00  4.6526E+00 -6.1927E-01
  7.0000E+00  1.2050E+01  3.5300E+00  6.4600E+01  0.0000E+00  7.1086E-01  4.9499E-02  5.1825E-01  4.1820E+00  3.4884E+00 -1.7201E-01
  7.0000E+00  2.4220E+01  1.1500E+00  6.4600E+01  0.0000E+00  7.1086E-01  4.9499E-02  5.1825E-01  1.4275E+00  1.0916E+00 -6.6375E-02
  8.0000E+00  0.0000E+00  0.0000E+00  7.0500E+01  1.0000E+00  1.3920E+00  4.5727E-02  5.0933E-01  0.0000E+00  0.0000E+00  0.0000E+00
  8.0000E+00  2.5000E-01  3.0500E+00  7.0500E+01  1.0000E+00  1.3920E+00  4.5727E-02  5.0933E-01  3.0548E+00  2.5832E+00  6.7917E-01
  8.0000E+00  5.2000E-01  3.0500E+00  7.0500E+01  1.0000E+00  1.3920E+00  4.5727E-02  5.0933E-01  5.1859E+00  4.4637E+00 -2.1928E+00
  8.0000E+00  9.8000E-01  7.3100E+00  7.0500E+01  1.0000E+00  1.3920E+00  4.5727E-02  5.0933E-01  7.1183E+00  6.2765E+00  1.2097E+00
  8.0000E+00  2.0200E+00  7.5600E+00  7.0500E+01  1.0000E+00  1.3920E+00  4.5727E-02  5.0933E-01  8.0881E+00  7.3590E+00  6.9777E-02
  8.0000E+00  3.5300E+00  6.5900E+00  7.0500E+01  1.0000E+00  1.3920E+00  4.5727E-02  5.0933E-01  7.4413E+00  6.8551E+00 -5.1457E-01
  8.0000E+00  5.0500E+00  5.8800E+00  7.0500E+01  1.0000E+00  1.3920E+00  4.5727E-02  5.0933E-01  6.5581E+00  6.0332E+00 -3.7523E-01
  8.0000E+00  7.1500E+00  4.7300E+00  7.0500E+01  1.0000E+00  1.3920E+00  4.5727E-02  5.0933E-01  5.4729E+00  5.0030E+00 -5.4891E-01
  8.0000E+00  9.0700E+00  4.5700E+00  7.0500E+01  1.0000E+00  1.3920E+00  4.5727E-02  5.0933E-01  4.6364E+00  4.2112E+00  3.8522E-01
  8.0000E+00  1.2100E+01  3.0000E+00  7.0500E+01  1.0000E+00  1.3920E+00  4.5727E-02  5.0933E-01  3.5684E+00  3.2083E+00 -4.5485E-01
  8.0000E+00  2.4120E+01  1.2500E+00  7.0500E+01  1.0000E+00  1.3920E+00  4.5727E-02  5.0933E-01  1.2629E+00  1.0905E+00  1.9963E-01
  9.0000E+00  0.0000E+00  0.0000E+00  8.6400E+01  1.0000E+00  6.2042E+00  3.4100E-02  3.7716E-01  0.0000E+00  0.0000E+00  0.0000E+00
  9.0000E+00  3.0000E-01  7.3700E+00  8.6400E+01  1.0000E+00  6.2042E+00  3.4100E-02  3.7716E-01  1.9708E+00  6.8209E+00  2.4108E+00
  9.0000E+00  6.3000E-01  9.0300E+00  8.6400E+01  1.0000E+00  6.2042E+00  3.4100E-02  3.7716E-01  3.2466E+00  7.7117E+00  2.4329E+00
  9.0000E+00  1.0500E+00  7.1400E+00  8.6400E+01  1.0000E+00  6.2042E+00  3.4100E-02  3.7716E-01  4.0822E+00  7.5731E+00  4.9762E-03
  9.0000E+00  2.0200E+00  6.3300E+00  8.6400E+01  1.0000E+00  6.2042E+00  3.4100E-02  3.7716E-01  4.5444E+00  6.9486E+00 -3.0857E-01
  9.0000E+00  3.5300E+00  5.6600E+00  8.6400E+01  1.0000E+00  6.2042E+00  3.4100E-02  3.7716E-01  4.2066E+00  6.0619E+00 -8.5185E-02
  9.0000E+00  5.0200E+00  5.6700E+00  8.6400E+01  1.0000E+00  6.2042E+00  3.4100E-02  3.7716E-01  3.7404E+00  5.2979E+00  9.5272E-01
  9.0000E+00  7.1700E+00  4.2400E+00  8.6400E+01  1.0000E+00  6.2042E+00  3.4100E-02  3.7716E-01  3.1368E+00  4.3619E+00  2.1532E-01
  9.0000E+00  8.8000E+00  4.1100E+00  8.6400E+01  1.0000E+00  6.2042E+00  3.4100E-02  3.7716E-01  2.7438E+00  3.7642E+00  8.9448E-01
  9.0000E+00  1.1600E+01  3.1600E+00  8.6400E+01  1.0000E+00  6.2042E+00  3.4100E-02  3.7716E-01  2.1802E+00  2.9224E+00  6.9809E-01
  9.0000E+00  2.4430E+01  1.1200E+00  8.6400E+01  1.0000E+00  6.2042E+00  3.4100E-02  3.7716E-01  7.6010E-01  9.1613E-01  4.9412E-01
  1.0000E+01  0.0000E+00  0.0000E+00  5.8200E+01  0.0000E+00  7.2024E-01  3.2765E-02  4.4145E-01  0.0000E+00  0.0000E+00  0.0000E+00
  1.0000E+01  3.7000E-01  2.8900E+00  5.8200E+01  0.0000E+00  7.2024E-01  3.2765E-02  4.4145E-01  6.0604E+00  2.8732E+00 -3.3956E-01
  1.0000E+01  7.7000E-01  5.2200E+00  5.8200E+01  0.0000E+00  7.2024E-01  3.2765E-02  4.4145E-01  9.4461E+00  5.1414E+00 -4.5291E-01
  1.0000E+01  1.0200E+00  6.4100E+00  5.8200E+01  0.0000E+00  7.2024E-01  3.2765E-02  4.4145E-01  1.0589E+01  6.2148E+00 -3.5930E-01
  1.0000E+01  2.0500E+00  7.8300E+00  5.8200E+01  0.0000E+00  7.2024E-01  3.2765E-02  4.4145E-01  1.1818E+01  8.7568E+00 -1.6298E+00
  1.0000E+01  3.5500E+00  1.0210E+01  5.8200E+01  0.0000E+00  7.2024E-01  3.2765E-02  4.4145E-01  1.0794E+01  9.5958E+00  3.5147E-01
  1.0000E+01  5.0500E+00  9.1800E+00  5.8200E+01  0.0000E+00  7.2024E-01  3.2765E-02  4.4145E-01  9.4679E+00  9.1828E+00 -1.1640E-01
  1.0000E+01  7.0800E+00  8.0200E+00  5.8200E+01  0.0000E+00  7.2024E-01  3.2765E-02  4.4145E-01  7.8811E+00  8.1282E+00 -9.7701E-02
  1.0000E+01  9.3800E+00  7.1400E+00  5.8200E+01  0.0000E+00  7.2024E-01  3.2765E-02  4.4145E-01  6.3980E+00  6.9079E+00  3.9678E-01
  1.0000E+01  1.2100E+01  5.6800E+00  5.8200E+01  0.0000E+00  7.2024E-01  3.2765E-02  4.4145E-01  4.9999E+00  5.6560E+00  1.6801E-01
  1.0000E+01  2.3700E+01  2.4200E+00  5.8200E+01  0.0000E+00  7.2024E-01  3.2765E-02  4.4145E-01  1.7469E+00  2.3920E+00  1.8557E-01
  1.1000E+01  0.0000E+00  0.0000E+00  6.5000E+01  0.0000E+00  3.3586E+00  5.6240E-02  5.6520E-01  0.0000E+00  0.0000E+00  0.0000E+00
  1.1000E+01  2.5000E-01  4.8600E+00  6.5000E+01  0.0000E+00  3.3586E+00  5.6240E-02  5.6520E-01  3.5977E+00  4.8761E+00  4.1476E-01
  1.1000E+01  5.0000E-01  7.2400E+00  6.5000E+01  0.0000E+00  3.3586E+00  5.6240E-02  5.6520E-01  5.9575E+00  6.8621E+00  5.9227E-01
  1.1000E+01  9.8000E-01  8.0000E+00  6.5000E+01  0.0000E+00  3.3586E+00  5.6240E-02  5.6520E-01  8.3763E+00  7.8034E+00 -2.1775E-01
  1.1000E+01  1.9800E+00  6.8100E+00  6.5000E+01  0.0000E+00  3.3586E+00  5.6240E-02  5.6520E-01  9.5055E+00  7.3548E+00 -1.3883E+00
  1.1000E+01  3.6000E+00  5.8700E+00  6.5000E+01  0.0000E+00  3.3586E+00  5.6240E-02  5.6520E-01  8.6725E+00  6.2697E+00 -1.1897E+00
  1.1000E+01  5.0200E+00  5.2200E+00  6.5000E+01  0.0000E+00  3.3586E+00  5.6240E-02  5.6520E-01  7.6859E+00  5.4436E+00 -9.0911E-01
  1.1000E+01  7.0300E+00  4.4500E+00  6.5000E+01  0.0000E+00  3.3586E+00  5.6240E-02  5.6520E-01  6.4413E+00  4.4568E+00 -5.2656E-01
  1.1000E+01  9.0300E+00  3.6200E+00  6.5000E+01  0.0000E+00  3.3586E+00  5.6240E-02  5.6520E-01  5.4000E+00  3.6526E+00 -4.9359E-01
  1.1000E+01  1.2120E+01  2.6900E+00  6.5000E+01  0.0000E+00  3.3586E+00  5.6240E-02  5.6520E-01  4.1120E+00  2.6857E+00 -3.4123E-01
  1.1000E+01  2.4080E+01  8.6000E-01  6.5000E+01  0.0000E+00  3.3586E+00  5.6240E-02  5.6520E-01  1.4322E+00  8.1700E-01 -5.7080E-02
  1.2000E+01  0.0000E+00  0.0000E+00  6.0500E+01  0.0000E+00  8.4020E-01  4.1199E-02  4.0783E-01  0.0000E+00  0.0000E+00  0.0000E+00
  1.2000E+01  2.5000E-01  1.2500E+00  6.0500E+01  0.0000E+00  8.4020E-01  4.1199E-02  4.0783E-01  4.1629E+00  2.4302E+00 -2.2214E+00
  1.2000E+01  5.0000E-01  3.9600E+00  6.0500E+01  0.0000E+00  8.4020E-01  4.1199E-02  4.0783E-01  6.8918E+00  4.3394E+00 -1.0647E+00
  1.2000E+01  1.0000E+00  7.8200E+00  6.0500E+01  0.0000E+00  8.4020E-01  4.1199E-02  4.0783E-01  9.7548E+00  6.9765E+00  4.7459E-01
  1.2000E+01  2.0000E+00  9.7200E+00  6.0500E+01  0.0000E+00  8.4020E-01  4.1199E-02  4.0783E-01  1.0975E+01  9.3174E+00  3.3176E-02
  1.2000E+01  3.5200E+00  9.7500E+00  6.0500E+01  0.0000E+00  8.4020E-01  4.1199E-02  4.0783E-01  1.0056E+01  9.5840E+00  7.3091E-02
  1.2000E+01  5.0700E+00  8.5700E+00  6.0500E+01  0.0000E+00  8.4020E-01  4.1199E-02  4.0783E-01  8.7948E+00  8.6424E+00 -7.9478E-02
  1.2000E+01  7.0700E+00  6.5900E+00  6.0500E+01  0.0000E+00  8.4020E-01  4.1199E-02  4.0783E-01  7.3533E+00  7.1930E+00 -7.7127E-01
  1.2000E+01  9.0300E+00  6.1100E+00  6.0500E+01  0.0000E+00  8.4020E-01  4.1199E-02  4.0783E-01  6.1670E+00  5.9253E+00  1.7136E-01
  1.2000E+01  1.2050E+01  4.5700E+00  6.0500E+01  0.0000E+00  8.4020E-01  4.1199E-02  4.0783E-01  4.7024E+00  4.3723E+00  1.3347E-01
  1.2000E+01  2.4150E+01  1.1700E+00  6.0500E+01  0.0000E+00  8.4020E-01  4.1199E-02  4.0783E-01  1.5868E+00  1.2880E+00 -3.7148E-01
